Γο101001811111101Ρ10101. 223·

, x? 0011011οώ111011111010111101000101011001ομ1101110

,101001111111111111

mzffmmmffl 10111100110100 00111ιο
&dm 011οη

IV.

, 1011 100 0100110001 101001. 11100 amm·
00, xa 1110011100 11001011.

1 [1101110000 0011100101 dicuntur 111 0111011010 1101011ιί111 diebus 011 altam
11100010, 11101 quando nupta 10111011 in Dominioa 0110110111, 1111010111 mm

1110001011
· Ze 011011 10011 dm 00 1001 10011 0011 111010 «10100110 0011 010110 10
‘s 1110 Pudor, 1110 Son, 0011 the Ηο11 Gom, 11110 1101110011 and 0 (1011οε Το 10
, 1011010110 0011 moder 00101 110110, and 10 011 1110 11011 court 01 1101000,
01001011 101 1110 01010 and 11000 01 011 11011 0111110110 and 011 (11101011 kyng-
110100 0011 0011011011 101 tho kyngdom 01 11101111, 11101 11111 (11101 01 110100

11010 0011101000 01 11000 11001110 wat, 110110 md 11000 01110010 011 (11111100

WYuss shall 111010 0100 speciali 101 1110 11011 10011 01111 1011110 11011 010000

1111111111, 11ἱῖ 11111111111111111 11111111ἶὲ1 111
1100111011 01 1110 1111311110 0100 1010 11ιό0 101111 101011011111οῗ111 1101111111 01
ι Kristen 0100, when 1110 11111 10 and 1110 00001 101 1110101.
Ῡο0 shall 111010 01001011110110110 01 111010011100101101111 1111111100111111011,
1011110 Ρο111010 01 Jerusalem, 101· 0111 101110 01111 sudor 1110 0101101110110110
01 (1101011011 0011101 0111101101 0011 101110 11101111110110 01 10111100 und
01101110101011011100110110 0011 1100110110, 0110011111 01 111111 londo, 111111 1011011
(11101 1010 11001 myth 01111 0110011110 10 001010001101110111 111111 111110 01
11011 0111101100011 101 to 101111 well 110100011 and 011111 111011110010101111
0101111011 and 011 0100 and 1101000 01 011101 01111 6110100 11001110 10011 10 1111110
00 000
110010 01101111101010101111011000011 11110010 0111101111 01111 1111011111 1111
’ 10001100, 01100000, 11010 and 000010 and 101 011 011101 men 0011 women 01
- religion, 11101 J esu (1110110001οω grace hy'm 10 00110 and well 10 10111011
1101011110, and 101 10 end 11110 01001100
11100 10 0111110 111010 01101011 101 the patron 0011 101 1110 11011100 01 111111
011110110 and 101011 10 11100100 and 01011100 11111011 00110110 (lodo 11111111
0111110110 01 in 001 other, 11101 (10110 01 his 0110110 010101 hom 1101110 01111
1111111111 ¹²32} 11111111111111111113111111 011111

10111100 10 0111110 11101 0110010111 101 11011 11111010 and (101001 01101011,

 

